1-----0.0 25.0 14.0 1 1
1-----2.0 25.0 14.0 1 1
1-----3.0 25.0 14.0 1 1
1-----2.0 26.5 13.75 2 1
1-----3.0 26.5 13.75 2 1
1-----0.0 25.0 15.0 4 1
1-----0.0 25.0 15.0 4 1
1-----2.0 25.0 15.0 4 0
1-----3.0 25.0 15.0 4 1
1-----2.0 26.0 15.75 5 0
1-----3.0 26.0 15.75 5 1
1-----0.0 26.0 14.5 6 1
1-----0.0 26.0 14.5 6 1
1-----2.0 26.0 14.5 6 1
1-----3.0 26.0 14.5 6 1
1-----0.0 24.5 16.0 7 1
1-----0.0 24.5 16.0 7 1
1-----3.0 24.5 16.0 7 1
1-----0.0 24.0 16.25 8 1
1-----3.0 24.0 16.25 8 1
1-----2.0 27.0 15.0 9 1
1-----3.0 27.0 15.0 9 0
1-----3.0 27.0 16.0 10 0
1-----0.0 25.0 16.5 13 0
1-----3.0 25.0 16.5 13 1
2-----0.0 28.0 29.0 41 0
2-----0.0 27.0 29.0 42 0
2-----0.0 27.5 30.0 43 0
7-----1.0 26.0 19.5 14 0
7-----3.0 26.0 19.5 14 1
7-----1.0 26.5 19.75 15 1
7-----3.0 26.5 19.75 15 1
7-----1.0 24.5 19.75 16 0
7-----3.0 24.5 19.75 16 1
7-----1.0 26.0 20.75 21 1
7-----1.0 26.0 20.75 21 1
7-----3.0 26.0 20.75 21 1
10-----4.0 17.0 21.0 22 1
10-----4.0 15.5 21.5 23 1
10-----4.0 16.0 21.5 24 0
10-----4.0 14.0 26.75 25 0
10-----5.0 14.0 26.75 25 1
10-----6.0 14.0 26.75 25 1
10-----4.0 14.75 28.0 26 1
10-----5.0 14.75 28.0 26 1
10-----6.0 14.75 28.0 26 1
10-----4.0 14.5 26.0 27 1
10-----5.0 14.5 26.0 27 1
10-----6.0 14.5 26.0 27 1
10-----4.0 15.0 27.0 28 1
10-----4.0 15.0 27.0 28 1
10-----5.0 15.0 27.0 28 1
10-----6.0 15.0 27.0 28 1
10-----4.0 16.0 27.0 29 1
10-----4.0 16.0 27.0 29 1
10-----5.0 16.0 27.0 29 0
10-----6.0 16.0 27.0 29 1
10-----4.0 16.5 28.0 30 1
10-----4.0 16.5 28.0 30 1
10-----5.0 16.5 28.0 30 0
10-----6.0 16.5 28.0 30 1
10-----5.0 18.0 27.0 31 0
10-----5.0 18.5 28.0 32 0
10-----4.0 16.5 26.0 33 0
10-----5.0 16.5 26.0 33 1
10-----5.0 17.0 26.0 34 0
10-----4.0 16.5 22.0 35 0
10-----4.0 14.0 27.5 36 1
10-----5.0 14.0 27.5 36 0
10-----6.0 14.0 27.5 36 1
10-----2.0 28.0 27.5 37 0
10-----2.0 29.0 29.0 38 1
10-----2.0 29.0 28.0 39 0
10-----4.0 14.5 28.0 40 1
10-----4.0 14.5 28.0 40 1
10-----5.0 14.5 28.0 40 1
10-----6.0 14.5 28.0 40 1
10-----2.0 28.0 29.0 41 1
10-----2.0 27.0 29.0 42 1
10-----2.0 27.5 30.0 43 1
