0.0 25.0 14.0 1 1 1
2.0 25.0 14.0 1 5 1
3.0 25.0 14.0 1 6 1
2.0 26.5 13.75 2 5 1
3.0 26.5 13.75 2 6 1
0.0 25.0 15.0 4 1 1
0.0 25.0 15.0 4 1 1
2.0 25.0 15.0 4 5 0
3.0 25.0 15.0 4 6 1
2.0 26.0 15.75 5 5 0
3.0 26.0 15.75 5 6 1
0.0 26.0 14.5 6 1 1
0.0 26.0 14.5 6 1 1
2.0 26.0 14.5 6 5 1
3.0 26.0 14.5 6 6 1
0.0 24.5 16.0 7 1 1
0.0 24.5 16.0 7 1 1
3.0 24.5 16.0 7 6 1
0.0 24.0 16.25 8 1 1
3.0 24.0 16.25 8 6 1
2.0 27.0 15.0 9 5 1
3.0 27.0 15.0 9 6 0
3.0 27.0 16.0 10 6 0
0.0 25.0 16.5 13 1 0
3.0 25.0 16.5 13 6 1
1.0 26.0 19.5 14 3 0
3.0 26.0 19.5 14 7 1
1.0 26.5 19.75 15 3 1
3.0 26.5 19.75 15 7 1
1.0 24.5 19.75 16 3 0
3.0 24.5 19.75 16 7 1
1.0 26.0 20.75 21 3 1
1.0 26.0 20.75 21 3 1
3.0 26.0 20.75 21 7 1
4.0 17.0 21.0 22 8 1
4.0 15.5 21.5 23 8 1
4.0 16.0 21.5 24 8 0
4.0 14.0 26.75 25 9 0
5.0 14.0 26.75 25 10 1
6.0 14.0 26.75 25 11 1
4.0 14.75 28.0 26 9 1
5.0 14.75 28.0 26 10 1
6.0 14.75 28.0 26 11 1
4.0 14.5 26.0 27 9 1
5.0 14.5 26.0 27 10 1
6.0 14.5 26.0 27 11 1
4.0 15.0 27.0 28 9 1
4.0 15.0 27.0 28 9 1
5.0 15.0 27.0 28 10 1
6.0 15.0 27.0 28 11 1
4.0 16.0 27.0 29 9 1
4.0 16.0 27.0 29 9 1
5.0 16.0 27.0 29 10 0
6.0 16.0 27.0 29 11 1
4.0 16.5 28.0 30 9 1
4.0 16.5 28.0 30 9 1
5.0 16.5 28.0 30 10 0
6.0 16.5 28.0 30 11 1
5.0 18.0 27.0 31 10 0
5.0 18.5 28.0 32 10 0
4.0 16.5 26.0 33 9 0
5.0 16.5 26.0 33 10 1
5.0 17.0 26.0 34 10 0
4.0 16.5 22.0 35 8 0
4.0 14.0 27.5 36 9 1
5.0 14.0 27.5 36 10 0
6.0 14.0 27.5 36 11 1
2.0 28.0 27.5 37 4 0
2.0 29.0 29.0 38 4 1
2.0 29.0 28.0 39 4 0
4.0 14.5 28.0 40 9 1
4.0 14.5 28.0 40 9 1
5.0 14.5 28.0 40 10 1
6.0 14.5 28.0 40 11 1
0.0 28.0 29.0 41 2 0
2.0 28.0 29.0 41 4 1
0.0 27.0 29.0 42 2 0
2.0 27.0 29.0 42 4 1
0.0 27.5 30.0 43 2 0
2.0 27.5 30.0 43 4 1